40960,-1701.688401249576
Saving model weights at episode 5 with average episode reward -1701.688401249576
81920,-1249.0915566490619
Saving model weights at episode 10 with average episode reward -1249.0915566490619
122880,-1219.9207410993229
Saving model weights at episode 15 with average episode reward -1219.9207410993229
163840,-1266.4992175500686
204800,-1332.0154135624077
245760,-1311.9022615647912
286720,-1178.9011421013859
Saving model weights at episode 35 with average episode reward -1178.9011421013859
327680,-1194.5624458514146
368640,-1241.3238474813024
409600,-1209.2762211851048
450560,-1322.491332147782
491520,-1190.850702799043
532480,-1233.0648060100013
573440,-1224.3066478194735
614400,-1308.779680282058
655360,-1130.9406384266113
Saving model weights at episode 80 with average episode reward -1130.9406384266113
696320,-1114.3042600556137
Saving model weights at episode 85 with average episode reward -1114.3042600556137
737280,-1316.1188653835886
778240,-1299.4933424062453
819200,-1286.1433604241595
860160,-1139.3796144152632
901120,-1278.2655841672877
942080,-1269.4494652761207
983040,-1186.9965719063389
1024000,-1285.9666237853621
1064960,-1340.3797157212634
1105920,-1397.8534380679112
1146880,-1278.1883788384355
1187840,-1348.4360572602054
1228800,-1259.7018538472278
1269760,-1314.26281137556
1310720,-1183.7990277724248
1351680,-1203.2862761261968
1392640,-1244.4791997098757
1433600,-1354.7382000157952
1474560,-1212.7971809258315
1515520,-1463.1986173900625
1556480,-1414.497853292418
1597440,-1365.1729605178555
1638400,-1354.846324178034
1679360,-1226.771485581559
1720320,-1345.2350660686766
1761280,-1558.7606019718514
1802240,-1369.5479220428808
1843200,-1390.7435909890255
1884160,-1304.8828606777868
1925120,-1353.9934555845336
1966080,-1367.357646796883
2007040,-1251.7649304996837
2048000,-1346.8747751260137
2088960,-1305.5141348134969
2129920,-1366.4700209308958
2170880,-1361.974446505186
2211840,-1343.7947951197368
2252800,-1318.2961134340796
2293760,-1331.4684785919965
2334720,-1274.6486455854658
2375680,-1321.2771957657053
2416640,-1175.1433381945412
2457600,-1457.089725168811
2498560,-1300.8677211378722
2539520,-1261.9759774002675
2580480,-1261.5215999900297
2621440,-1239.7036590019836
2662400,-1430.170957600819
2703360,-1462.8220632276277
2744320,-1514.3024268141783
2785280,-1313.3551412689515
2826240,-1334.5834013724927
2867200,-1301.6678870703236
2908160,-1225.7651562998064
2949120,-1308.176950075075
2990080,-1399.6786534101227
3031040,-1400.8403341881897
3072000,-1367.8337350219292
3112960,-1112.2112776374056
Saving model weights at episode 380 with average episode reward -1112.2112776374056
3153920,-1342.6800462394156
3194880,-1253.4695944490343
3235840,-1265.1523537008525
3276800,-1384.2618336512385
3317760,-1291.6073206940944
3358720,-1211.6541241153147
3399680,-1306.4424277126927
3440640,-1343.2514198407396
3481600,-1188.8390950320143
3522560,-1240.54139217843
3563520,-1296.624347611222
3604480,-1308.965590640085
3645440,-1372.1697361190893
3686400,-1368.5539574597549
3727360,-1344.6686201803652
3768320,-1144.168529836715
3809280,-1323.324199225136
3850240,-1312.3112900396318
3891200,-1323.0186025097942
3932160,-1228.5566739657675
3973120,-1138.2153270061272
4014080,-1345.4264320861555
4055040,-1129.3334048903723
4096000,-1243.1883624155796
4136960,-1317.5445336698235
4177920,-1228.3922104856117
4218880,-1324.2908727404088
4259840,-1302.1142028944143
4300800,-1249.8226015821144
4341760,-1229.530268693905
4382720,-1209.6605135802386
4423680,-1178.4529025489283
4464640,-1304.8984034558316
4505600,-1289.2627404413254
4546560,-1330.6361917352344
4587520,-1315.2051222969478
4628480,-1377.1472780796967
4669440,-1208.4311040851642
4710400,-1319.1787173391779
4751360,-1257.6256981742918
4792320,-1251.1311353019805
4833280,-1232.515087311595
4874240,-1189.072931027447
4915200,-1277.7292118955831
4956160,-1296.6596499202535
4997120,-1282.9614633703088
5038080,-1267.4571755507263
5079040,-1197.6964467847538
5120000,-1312.3825215000777
5160960,-1395.3344189668408
5201920,-1260.1078890597776
5242880,-1242.9572604232837
5283840,-1238.856054564522
5324800,-1232.5288604432087
5365760,-1345.953080364613
5406720,-1383.755750633679
5447680,-1189.3042462722435
5488640,-1246.3404155614257
5529600,-1209.012291574353
5570560,-1231.9178314293572
5611520,-1325.206034239993
5652480,-1196.8202016304415
5693440,-1373.5139901178443
5734400,-1315.1992457514862
5775360,-1200.6024154814638
5816320,-1193.8483065432024
5857280,-1282.477019294909
5898240,-1213.4504774802
5939200,-1328.3717920025956
5980160,-1284.485955011429
6021120,-1161.6595752049682
6062080,-1326.2022398807528
6103040,-1184.0004375685176
6144000,-1213.6109842652822
6184960,-1391.4008069705362
6225920,-1300.2448396724421
6266880,-1287.464967920872
6307840,-1362.3369946047856
6348800,-1165.4026790669793
6389760,-1310.2644586993072
6430720,-1282.2912558711705
6471680,-1239.2435292905711
6512640,-1301.54282938509
6553600,-1354.3390976652904
6594560,-1355.3187480587947
6635520,-1304.9686784571752
6676480,-1245.2107049627637
6717440,-1153.9955740432135
6758400,-1350.9058076709368
6799360,-1243.5083046366155
6840320,-1234.063630799224
6881280,-1241.9677020709753
6922240,-1245.2260182036816
6963200,-1342.4714618886303
7004160,-1190.3280149332447
7045120,-1279.0567702114333
7086080,-1186.0023434063658
7127040,-1429.384974374767
7168000,-1381.1309260134615
7208960,-1178.1243323170133
7249920,-1304.7130434765756
7290880,-1324.9921753251406
7331840,-1248.4253456455679
7372800,-1262.0584006890192
7413760,-1254.1663385084207
7454720,-1179.8429913709408
7495680,-1195.7705296933548
7536640,-1255.1747403176328
7577600,-1366.1400115023382
7618560,-1308.850656309903
7659520,-1313.2606661222696
7700480,-1350.4681033911154
7741440,-1330.334581914841
7782400,-1155.5197522409742
7823360,-1301.6995030820976
7864320,-1215.500454386786
7905280,-1139.3959602808181
7946240,-1236.8107941264013
7987200,-1427.6856912682579
8028160,-1285.4290961546303
8069120,-1361.6389914850258
8110080,-1244.7178604282633
8151040,-1270.5220067252014
8192000,-1265.9884754293582
8232960,-1276.019199475087
8273920,-1274.221176787881
8314880,-1359.4160081481166
8355840,-1168.0163130056067
8396800,-1274.675259112075
8437760,-1293.4275739243287
8478720,-1302.8070940138375
8519680,-1356.5400834828658
8560640,-1147.39771695995
8601600,-1159.597889427765
8642560,-1402.8562181344817
8683520,-1225.2950131602947
8724480,-1207.2792074488236
8765440,-1304.3782668660936
8806400,-1350.861997063888
8847360,-1290.6078592907265
8888320,-1198.8878654397986
8929280,-1191.9648589363846
8970240,-1237.8907544371943
9011200,-1346.03382986043
9052160,-1393.2301022509828
9093120,-1347.740371506
9134080,-1157.5953670798954
9175040,-1308.5341371386805
9216000,-1292.668487151029
9256960,-1378.8824087277299
9297920,-1251.1821363666015
9338880,-1141.045896480345
9379840,-1298.8860688616005
9420800,-1295.0101934822053
9461760,-1394.0339490277668
9502720,-1213.0134737398712
9543680,-1321.734295475923
9584640,-1326.9311137158888
9625600,-1205.986577848468
9666560,-1228.775809018608
9707520,-1171.092561126802
9748480,-1391.0164198136238
9789440,-1179.9083510550988
9830400,-1309.5063506230151
9871360,-1348.3940980940813
9912320,-1344.4722808364936
9953280,-1156.6652080208387
9994240,-1317.9748776148278
10035200,-1327.8365953245436
10076160,-1321.752974120241
10117120,-1249.4372731915325
10158080,-1180.0990666183739
10199040,-1192.4264515746638
10240000,-1307.297228169163
10280960,-1309.35667115114
10321920,-1385.7758321367835
10362880,-1160.9832981756329
10403840,-1337.0984250068323
10444800,-1280.354199681955
10485760,-1289.7045418074379
10526720,-1216.0381243236081
10567680,-1109.3409155724214
Saving model weights at episode 1290 with average episode reward -1109.3409155724214
10608640,-1268.4043863077316
10649600,-1368.4227170010652
10690560,-1273.1018171973512
10731520,-1250.5326645253592
10772480,-1167.6940614717125
10813440,-1223.9347327083435
10854400,-1210.1680756300977
10895360,-1246.9002545381993
10936320,-1345.21090971636
10977280,-1323.9898010539061
11018240,-1333.4588269317985
11059200,-1287.6170475762647
11100160,-1215.17148711613
11141120,-1315.075660209899
11182080,-1318.5325856551672
11223040,-1378.1039349607563
11264000,-1211.8197210398837
11304960,-1259.3457144146653
11345920,-1343.0174455013787
11386880,-1293.7260718760174
11427840,-1291.328430485761
11468800,-1249.0811010343582
11509760,-1299.1429971065077
11550720,-1216.9615994606602
11591680,-1347.1865034950345
11632640,-1262.5783483653329
11673600,-1272.1639937860862
11714560,-1219.3915282768078
11755520,-1252.6027568678253
11796480,-1286.076864078884
11837440,-1257.890554576916
11878400,-1308.88306953854
11919360,-1245.3980814929985
11960320,-1359.2925079382333
12001280,-1230.4793243116326
12042240,-1229.2414001708041
12083200,-1215.5490503657645
12124160,-1307.0191976051774
12165120,-1267.5529675421383
12206080,-1266.1335369347291
12247040,-1421.7257414041962
12288000,-1238.8906141021607
12328960,-1242.1119062609355
12369920,-1259.668303294595
12410880,-1358.511965508544
12451840,-1356.2564148532476
12492800,-1225.7030669838348
12533760,-1165.0836262675973
12574720,-1207.8800311054258
12615680,-1282.1410939347863
12656640,-1330.75141673775
12697600,-1319.8809155530964
12738560,-1375.812847064463
12779520,-1232.2532621251244
12820480,-1256.0866201785173
12861440,-1209.167077616272
12902400,-1293.4012593780615
12943360,-1372.8208425119976
12984320,-1264.5016731442945
13025280,-1204.4412392483182
13066240,-1231.67474891872
13107200,-1271.7906407551595
13148160,-1270.1153143500283
13189120,-1269.096790561906
13230080,-1259.4341739407164
13271040,-1302.9950675111152
13312000,-1292.1533975322802
13352960,-1334.0631450159308
13393920,-1241.1210653700916
13434880,-1299.1018611080806
13475840,-1140.0013858920145
13516800,-1297.9402305619453
13557760,-1335.0482764752078
13598720,-1374.6109381219887
13639680,-1187.4082899893406
13680640,-1234.4763162773372
13721600,-1276.9482308937047
13762560,-1337.238362116804
13803520,-1230.710912990234
13844480,-1131.4841889664688
13885440,-1366.985355996303
13926400,-1264.0473100585318
13967360,-1336.6554308090322
14008320,-1294.348886598951
14049280,-1114.4188461351425
14090240,-1201.0744716481659
14131200,-1389.9257189182424
14172160,-1415.231150506177
14213120,-1321.9583554061783
14254080,-1108.0356950827506
Saving model weights at episode 1740 with average episode reward -1108.0356950827506
14295040,-1114.6433876545873
14336000,-1158.6354353307622
14376960,-1418.1899929501703
14417920,-1265.5576394299787
14458880,-1331.0132940492138
14499840,-1368.7593625270904
14540800,-1211.720451143616
14581760,-1193.2789582475125
14622720,-1344.0005363378589
14663680,-1351.7789300107681
14704640,-1209.533134249
14745600,-1252.2278518287274
14786560,-1221.0436615271994
14827520,-1330.3670379343976
14868480,-1216.95117861624
14909440,-1206.521935479281
14950400,-1272.692740287289
14991360,-1343.3756112610645
15032320,-1302.8149829733309
15073280,-1384.4048839221466
15114240,-1122.3555109955132
15155200,-1326.3752128901745
15196160,-1276.2883136733242
15237120,-1379.2087277695339
15278080,-1311.0174929399125
15319040,-1380.7760146346861
15360000,-1327.514647902103
15400960,-1313.057340308024
15441920,-1174.446026669315
15482880,-1313.1023872121139
15523840,-1325.651262904678
15564800,-1313.2957815203897
15605760,-1308.33201875669
15646720,-1277.721278509344
15687680,-1461.0041295732374
15728640,-1411.00120838153
15769600,-1359.5324568456513
15810560,-1390.0607716116199
15851520,-1309.1194719083453
15892480,-1194.8328731153615
15933440,-1221.4029985170557
15974400,-1262.7843369930652
16015360,-1208.856754225699
16056320,-1331.548557715402
16097280,-1339.0536461902057
16138240,-1278.2754061261296
16179200,-1423.5028064817734
16220160,-1232.8419052229863
16261120,-1364.2866508104364
16302080,-1288.0627864693768
16343040,-1239.7316837330245
16384000,-1206.873137554229
16424960,-1429.8901005074313
16465920,-1411.0423368731745
16506880,-1261.1120396826425
16547840,-1351.8328634499824
16588800,-1305.5591196303674
16629760,-1301.826733732332
16670720,-1127.3475139761129
16711680,-1168.9517739124678
16752640,-1312.9388768228825
16793600,-1237.194486242225
16834560,-1335.1101336611573
16875520,-1304.767202693963
16916480,-1403.5037615121973
16957440,-1121.930576016405
16998400,-1236.0606605734572
17039360,-1328.5397105246564
17080320,-1335.2274437393876
17121280,-1226.7240665428337
17162240,-1376.1991415062512
17203200,-1134.1734467051776
17244160,-1384.6242345093312
17285120,-1350.778212163117
17326080,-1230.8342879026563
17367040,-1178.2940764392758
17408000,-1172.665799029511
17448960,-1254.4942022996768
17489920,-1347.4441014116655
17530880,-1424.4071541189512
17571840,-1265.3453893892636
17612800,-1275.752852147159
17653760,-1265.9532651285792
17694720,-1152.1722031533247
17735680,-1344.5012492072397
17776640,-1370.0267927835569
17817600,-1337.5575212517092
17858560,-1296.4299514422307
17899520,-1307.761172496271
17940480,-1253.0500948512283
17981440,-1353.8454336934385
18022400,-1198.7098317687114
18063360,-1271.795943509619
18104320,-1142.161282487181
18145280,-1293.9358022243548
18186240,-1213.5576929610495
18227200,-1352.2411037206555
18268160,-1324.290935692484
18309120,-1271.915533573919
18350080,-1303.3898208958783
18391040,-1313.053812302256
18432000,-1249.044630008653
18472960,-1269.8038164312072
18513920,-1347.3802476581304
18554880,-1166.509355351022
18595840,-1220.9997630568266
18636800,-1312.3301436804206
18677760,-1402.2989217221427
18718720,-1350.7211945118913
18759680,-1165.6601530531616
18800640,-1218.626295482216
18841600,-1236.431672217642
18882560,-1223.8390228375154
18923520,-1351.7665540239448
18964480,-1395.6975150838925
19005440,-1246.0602051189505
19046400,-1195.8688127266514
19087360,-1236.2031366106494
19128320,-1314.7429477262278
19169280,-1338.1626834383133
19210240,-1358.0320993161963
19251200,-1221.0655251615874
19292160,-1299.071011413653
19333120,-1375.3588020435584
19374080,-1414.398682829392
19415040,-1338.984778758104
19456000,-1312.92571359523
19496960,-1244.0532092668302
19537920,-1203.1341776565378
19578880,-1218.3768039414201
19619840,-1225.7524150506745
19660800,-1429.6261279766786
19701760,-1379.2301734664354
19742720,-1249.8828418713786
19783680,-1311.984418895385
19824640,-1212.5634107772892
19865600,-1179.8698347955547
19906560,-1339.1712029144558
19947520,-1215.397458557617
19988480,-1378.633693760126
20029440,-1287.2340444862339
20070400,-1412.5940484861
20111360,-1216.5037323102422
20152320,-1244.7606186856647
20193280,-1288.4299720912186
20234240,-1318.9926205405081
20275200,-1303.3691128040052
20316160,-1256.8869502716532
20357120,-1266.5994820907486
20398080,-1344.36662727436
20439040,-1375.4469632253356
20480000,-1226.2479304522478
20520960,-1261.9424226773629
20561920,-1182.7140941754744
20602880,-1345.4262226342669
20643840,-1292.012687068253
20684800,-1277.2836507534037
20725760,-1232.6660610292897
20766720,-1309.9732185568394
20807680,-1329.570082456704
20848640,-1236.6475126909997
20889600,-1194.4749609398152
20930560,-1420.6647030633465
20971520,-1205.1506662162003
21012480,-1243.954619773302
21053440,-1346.4766167279583
21094400,-1377.9048106764076
21135360,-1316.3761597152197
21176320,-1251.7924817141823
21217280,-1242.5011790850717
21258240,-1290.760556095552
21299200,-1257.7932906329015
21340160,-1228.1097396896978
21381120,-1189.660383603178
21422080,-1340.7032975403051
21463040,-1255.09282591414
21504000,-1301.3299624172803
21544960,-1299.1166556870023
21585920,-1287.3864334855216
21626880,-1278.208224961394
21667840,-1383.3136978101438
21708800,-1269.845423255025
21749760,-1141.1842085510618
21790720,-1198.743421757793
21831680,-1306.909528862583
21872640,-1197.144727490953
21913600,-1318.8493245713887
21954560,-1315.154729915795
21995520,-1305.3783933413085
22036480,-1292.4978896964642
22077440,-1175.58718233029
22118400,-1314.0966207029844
22159360,-1302.8636171968317
22200320,-1334.0734009757434
22241280,-1333.3102427117126
22282240,-1145.7604065384937
22323200,-1364.2538982397173
22364160,-1265.2600454517972
22405120,-1282.8228469189573
22446080,-1222.1347912951849
22487040,-1297.3857651525948
22528000,-1286.162546833498
22568960,-1315.1162344048666
22609920,-1242.594859334064
22650880,-1250.0833718894692
22691840,-1355.4924822985502
22732800,-1390.8039482587262
22773760,-1280.10543919809
22814720,-1282.8440196525185
22855680,-1325.5886307608826
22896640,-1202.6538805106786
22937600,-1317.3395533288863
22978560,-1216.983155951127
23019520,-1312.6463522766192
23060480,-1238.71697725408
23101440,-1246.151816012785
23142400,-1218.5333441656765
23183360,-1342.6073508349107
23224320,-1341.134151059264
23265280,-1307.0215762224282
23306240,-1185.4080839854844
23347200,-1324.2286947166253
23388160,-1292.0709947620658
23429120,-1344.6522912558225
23470080,-1350.1559436886153
23511040,-1287.5368333539197
23552000,-1313.3891241027272
23592960,-1307.2146915742092
23633920,-1338.4856952533924
23674880,-1258.8476555616678
23715840,-1378.2290699832495
23756800,-1198.4944925942639
23797760,-1149.3034564987029
23838720,-1286.5861876449972
23879680,-1260.224089889507
23920640,-1268.6880621064727
23961600,-1247.799356361513
24002560,-1384.6600923024334
24043520,-1214.0460851406067
24084480,-1213.666489491028
24125440,-1258.3257853936352
24166400,-1257.6008518033707
24207360,-1341.1073823317063
24248320,-1313.8658815116466
24289280,-1262.4355520742142
24330240,-1266.1028008847834
24371200,-1111.7615079207073
24412160,-1320.2212206048578
24453120,-1267.2549139991936
24494080,-1285.8449512331447
24535040,-1355.193922168085
24576000,-1266.4675216783087
24616960,-1239.3701409186394
24657920,-1326.6741625137076
24698880,-1240.7703262065195
24739840,-1226.2162025882542
24780800,-1231.2958420279954
24821760,-1195.7173428872416
24862720,-1367.8167107886418
24903680,-1335.3796438959841
24944640,-1266.7857519419151
24985600,-1194.9668311085031
