40960,-3087.0882110303733
Saving model weights at episode 5 with average episode reward -3087.0882110303733
81920,-2071.2688119479953
Saving model weights at episode 10 with average episode reward -2071.2688119479953
122880,-2683.9264357912452
163840,-2552.3791881495845
204800,-2453.5388267657418
245760,-2715.7552134924917
286720,-2310.1767634702824
327680,-2062.0518558382832
Saving model weights at episode 40 with average episode reward -2062.0518558382832
368640,-1680.3130892610973
Saving model weights at episode 45 with average episode reward -1680.3130892610973
409600,-2358.7588096373165
450560,-2044.4128257345108
491520,-1656.94532554146
Saving model weights at episode 60 with average episode reward -1656.94532554146
532480,-2502.2493759337904
573440,-1702.6641911288864
614400,-2197.972735445992
655360,-2631.175362694184
696320,-2039.8457397909121
737280,-2087.136542046532
778240,-1530.279051333863
Saving model weights at episode 95 with average episode reward -1530.279051333863
819200,-1502.5943783837884
Saving model weights at episode 100 with average episode reward -1502.5943783837884
860160,-2267.4575720739376
901120,-2461.407110921924
942080,-1755.8446258750694
983040,-2903.2568233516577
1024000,-1510.1001947626557
1064960,-2112.5002810075325
1105920,-2073.426607237288
1146880,-2078.7936490596553
1187840,-2023.6365039833881
1228800,-1769.1226198466286
1269760,-2034.374474569362
1310720,-2485.8705132932173
1351680,-2103.920772002594
1392640,-2564.274394707473
1433600,-1746.4167235534696
1474560,-2026.8942652144108
1515520,-2032.887342274881
1556480,-1383.7079223214953
Saving model weights at episode 190 with average episode reward -1383.7079223214953
1597440,-2420.4452746507955
1638400,-2828.01461870105
1679360,-1929.0714983936389
1720320,-2211.2127706867673
1761280,-1075.0855920439749
Saving model weights at episode 215 with average episode reward -1075.0855920439749
1802240,-2258.807382661563
1843200,-1691.6888834510637
1884160,-1922.7763462543014
1925120,-2158.5288685790424
1966080,-2922.516885966257
2007040,-2131.065998842181
2048000,-2672.9502258582015
2088960,-2307.027805855635
2129920,-984.1310302467931
Saving model weights at episode 260 with average episode reward -984.1310302467931
2170880,-2163.1585723409453
2211840,-2486.1775912234366
2252800,-2025.2712063907427
2293760,-2270.3164673417477
2334720,-1779.4031252946572
2375680,-2011.6857766479195
2416640,-1446.1428160368935
2457600,-2043.364938598101
2498560,-2182.8150988408092
2539520,-1164.3963783199413
2580480,-2112.120370941535
2621440,-2302.3613954062257
2662400,-2134.1195748226633
2703360,-1974.0029298884854
2744320,-1824.2029032399785
2785280,-1853.6085437293007
2826240,-2169.7228454270526
2867200,-1922.8998919429323
2908160,-3035.344367372792
2949120,-1982.0643230267835
2990080,-2405.012887392625
3031040,-1832.6138315046949
3072000,-1668.9799273831468
3112960,-2019.425276893225
3153920,-2496.5859741451627
3194880,-2166.6035020875147
3235840,-1947.862391176566
3276800,-1318.748055603087
3317760,-1875.22778942231
3358720,-2299.011852625636
3399680,-2426.5246821733563
3440640,-2486.274956107033
3481600,-2540.2054949590874
3522560,-1850.543834751813
3563520,-2001.8410413382644
3604480,-2194.2671833915792
3645440,-1978.7297368783202
3686400,-2579.6733288710884
3727360,-1656.9370475544877
3768320,-2538.5003030271487
3809280,-1825.6357855383637
3850240,-2430.67066725788
3891200,-2359.703381847625
3932160,-1421.6837868600878
3973120,-2106.086167770228
4014080,-2593.522662063393
4055040,-1865.242414701357
4096000,-1957.2901643217028
4136960,-2536.542072745346
4177920,-2316.111332694848
4218880,-1900.1596303285407
4259840,-1144.1429016493478
4300800,-2423.301473803101
4341760,-2478.522624684737
4382720,-2118.889873085853
4423680,-1823.8889600250275
4464640,-1272.5555470458514
4505600,-1638.2974700777302
4546560,-2134.8060973192382
4587520,-2988.3200059453848
4628480,-1725.7903789647141
4669440,-1774.1877970363723
4710400,-2707.169449160831
4751360,-2087.040947716867
4792320,-2327.9603729919945
4833280,-2653.1318595236144
4874240,-1753.9381898257718
4915200,-2310.4182001686645
4956160,-1304.810853095812
4997120,-2038.3178552490344
5038080,-1815.8370215056739
5079040,-2846.396402738525
5120000,-2212.0958431517734
5160960,-1950.3203814764745
5201920,-1248.136319760131
5242880,-2517.7430751380125
5283840,-2129.033799014677
5324800,-1613.5631271701102
5365760,-2609.348182299027
5406720,-1768.4831703432494
5447680,-2381.0828479704082
5488640,-2087.0824939704617
5529600,-2229.9176988122404
5570560,-1760.6549369558754
5611520,-2459.8208985166198
5652480,-1997.3021738075288
5693440,-2560.4935516724895
5734400,-2126.1488228225794
5775360,-1341.2454763074502
5816320,-2434.6864458895398
5857280,-2665.1642963177587
5898240,-1410.1164189852495
5939200,-2226.4060330636835
5980160,-2059.1505643063724
6021120,-2450.9660246770486
6062080,-1464.2955866289124
6103040,-2303.7749681506198
6144000,-2587.0850008465072
6184960,-1620.8617137382807
6225920,-2347.958094362693
6266880,-2257.8648709930903
6307840,-1945.1567470522953
6348800,-1576.4490085607451
6389760,-2141.0295182754503
6430720,-2393.7907860061537
6471680,-2334.807462512655
6512640,-2165.35695600143
6553600,-2209.846135286655
6594560,-2901.305600589296
6635520,-1528.9072553103204
6676480,-2074.2959316674046
6717440,-2057.071786914699
6758400,-2791.018541456077
6799360,-1776.3896337688102
6840320,-1835.362322555794
6881280,-2560.332417883185
6922240,-1620.8821996061108
6963200,-2174.0223749736506
7004160,-2139.098984546031
7045120,-1658.9253182000455
7086080,-2201.9055149745295
7127040,-2180.1420062029006
7168000,-2441.629568357193
7208960,-2683.051164834826
7249920,-1684.9197601247058
7290880,-2143.497512297061
7331840,-1292.1322821801407
7372800,-1411.5486809679594
7413760,-2206.4442177012984
7454720,-2694.1709100266435
7495680,-1681.693701909972
7536640,-2590.21306532937
7577600,-1960.9509304652447
7618560,-1539.4159426880144
7659520,-2467.2059192863826
7700480,-2510.2309028717186
7741440,-2041.8060662097726
7782400,-1594.8836180688734
7823360,-1899.640743790638
7864320,-2171.111310995704
7905280,-2488.5331354373047
7946240,-2855.789144983785
7987200,-1608.2260861600216
8028160,-1538.6062057389452
8069120,-2208.433986445678
8110080,-1664.4983505943567
8151040,-2810.6939008862814
8192000,-2023.2115328289765
8232960,-2213.7607357813336
8273920,-1881.015231143481
8314880,-1908.4012772824315
8355840,-2223.936352209224
8396800,-2964.1324303710903
8437760,-1619.0989188007386
8478720,-1933.5064458544255
8519680,-2513.7504525672302
8560640,-1902.0778379386538
8601600,-2096.4087823060067
8642560,-1794.1162880856884
8683520,-1717.254523543392
8724480,-1986.3940542083228
8765440,-2353.87587815479
8806400,-2066.0578260339976
8847360,-2225.5788709629073
8888320,-2885.258399747139
8929280,-1839.7220783925907
8970240,-3087.4194574029807
9011200,-2166.869121262636
9052160,-1924.8740127917406
9093120,-1914.4756586147826
9134080,-2115.82945336825
9175040,-2119.7453910514246
9216000,-1863.187281937803
9256960,-2043.1799520744441
9297920,-2325.1418887995965
9338880,-1830.3918563864133
9379840,-2395.5303857057643
9420800,-2474.84298187933
9461760,-1906.0596074133875
9502720,-2726.5317005274933
9543680,-2057.516400362988
9584640,-1777.525718467751
9625600,-2062.719123121073
9666560,-2518.2711004130606
9707520,-2027.47798971295
9748480,-1803.282320416514
9789440,-2880.4167371397475
9830400,-2073.277839046404
9871360,-2471.6883527603027
9912320,-1735.721913392319
9953280,-2387.9684701538454
9994240,-2058.566538607531
10035200,-2265.176127944315
10076160,-2387.2032873387448
10117120,-2574.7678358111684
10158080,-2722.796667977685
10199040,-1879.978266827615
10240000,-2026.2011784341178
10280960,-2333.1980755070304
10321920,-2270.131055290819
10362880,-2153.507773332329
10403840,-2030.977449955198
10444800,-2304.4817916995985
10485760,-2562.460786808751
10526720,-1676.5997692662804
10567680,-1990.6265791145352
10608640,-1707.567901871931
10649600,-2633.1149559118594
10690560,-2699.640652550426
10731520,-1940.3941579515895
10772480,-1855.8644272944427
10813440,-2506.2994442233858
10854400,-1552.2505370875695
10895360,-2405.1259842970894
10936320,-2478.895158896818
10977280,-1618.977920134382
11018240,-1885.1202953549102
11059200,-2564.7153643683114
11100160,-2769.6214871761545
11141120,-1890.797996422168
11182080,-1879.1469228395263
11223040,-2055.5747383230614
11264000,-2540.567049946595
11304960,-1904.096298343924
11345920,-1861.7221387203124
11386880,-2291.480080796831
11427840,-2175.99162023631
11468800,-2528.45438946004
11509760,-1770.2174877951275
11550720,-2351.435063251933
11591680,-2677.8902848737116
11632640,-2198.3629564931807
11673600,-2295.4031297662586
11714560,-1855.5690340433457
11755520,-2144.7789660218564
11796480,-2086.1822856601225
11837440,-2099.703181799811
11878400,-2208.7887001343374
11919360,-2103.2549353326144
11960320,-1543.9343126160927
12001280,-2143.2218806702695
12042240,-2198.9443871486005
12083200,-2118.0780700402843
12124160,-2370.9303143871903
12165120,-2525.2825695375245
12206080,-1328.5536262783405
12247040,-1447.297643754616
12288000,-2138.9695897904116
12328960,-2491.276943784655
12369920,-2604.1659780623827
12410880,-1682.2255779031445
12451840,-1921.2310151541885
12492800,-2854.581785799266
12533760,-2079.476512395065
12574720,-2057.124059356968
12615680,-1527.3201949253971
12656640,-2502.7945113906253
12697600,-2229.8478305288786
12738560,-2546.4407474414297
12779520,-1868.9955781442031
12820480,-2312.865883757459
12861440,-2625.4592177390036
12902400,-2373.280277738449
12943360,-1923.3337606705463
12984320,-2430.3770714309453
13025280,-2028.4484537980898
13066240,-2321.2525328196557
13107200,-2585.090728045491
13148160,-2035.175348192124
13189120,-2075.0941802452853
13230080,-1851.3324921354313
13271040,-1854.718792814879
13312000,-2227.132549587174
13352960,-2552.29576022
13393920,-1996.644138477396
13434880,-2245.0951142630606
13475840,-2231.566809677913
13516800,-2464.1364672324503
13557760,-1782.8254061857979
13598720,-1717.8169690866528
13639680,-1753.7664600153003
13680640,-2374.2480215461687
13721600,-2836.053916366338
13762560,-2115.443464467951
13803520,-1933.2695223631551
13844480,-2044.7688591018816
13885440,-2080.600547139815
13926400,-2180.3279786494645
13967360,-1817.6283222928662
14008320,-2030.1888164955797
14049280,-2438.2303122813682
14090240,-2047.6847879140848
14131200,-2478.8419129761332
14172160,-2219.651409184445
14213120,-1969.4185393607895
14254080,-2257.98123588911
14295040,-1992.5499058384212
14336000,-2179.716141468341
14376960,-2423.6887080592137
14417920,-2355.142014091913
14458880,-2705.7847375230904
14499840,-1563.1217574390419
14540800,-2392.2357624970523
14581760,-2742.030762914992
14622720,-2194.809984543106
14663680,-2394.204126952006
14704640,-2118.902860463136
14745600,-2399.4106182158253
14786560,-1988.829971874734
14827520,-2580.4872906883033
14868480,-2145.0384972312545
14909440,-1605.3163855818268
14950400,-1916.4768845080162
14991360,-2211.62010511196
15032320,-2066.1959074128977
15073280,-2614.4673923344085
15114240,-2407.2632481142355
15155200,-2116.8347779989313
15196160,-1642.1883807144047
15237120,-2372.186773596009
15278080,-2446.4784498242852
15319040,-2863.3484718945097
15360000,-2164.6723492219608
15400960,-1809.0823093763302
15441920,-2138.190696740824
15482880,-1762.4602219380142
15523840,-2303.311244778859
15564800,-2522.5927551061122
15605760,-2469.9890669850033
15646720,-2331.888232179691
15687680,-2133.5392748333343
15728640,-1420.7777393407716
15769600,-1854.720691816559
15810560,-2375.185239621644
15851520,-2255.830776627489
15892480,-2267.798719560132
15933440,-1969.7017673708967
15974400,-1567.739984897439
16015360,-2502.7099613945784
16056320,-2696.058649897694
16097280,-2260.290286610441
16138240,-2258.2038854919942
16179200,-1412.3978112712214
16220160,-2287.2457778539388
16261120,-2488.9146702814596
16302080,-2697.0962145533954
16343040,-1984.3254168307458
16384000,-2570.434538732948
16424960,-1712.977070811876
16465920,-2798.005291954716
16506880,-2180.562875912371
16547840,-3052.71693767159
16588800,-2019.1815008389283
16629760,-2185.943526838482
16670720,-2553.7875083103368
16711680,-2664.1259349309644
16752640,-1835.6534201488641
16793600,-1554.7161152057781
16834560,-2201.831371104395
16875520,-1737.7105807066303
16916480,-1900.3312746433737
16957440,-2648.646767713448
16998400,-3117.997192206305
17039360,-2305.443732271213
17080320,-1922.3827416714084
17121280,-2435.6659319429064
17162240,-1838.6694109139546
17203200,-2532.5209618925905
17244160,-2930.6552403962796
17285120,-2588.964550741116
17326080,-1463.8893418888836
17367040,-2332.6579015316665
17408000,-1934.5904185234567
17448960,-2706.3338819088412
17489920,-1998.3175056665625
17530880,-2869.231325679619
17571840,-1687.085674812108
17612800,-2694.063858407641
17653760,-2177.4627154942664
17694720,-2796.6741572335627
17735680,-2169.5111853027156
17776640,-1842.47525316624
17817600,-2865.1982724232657
17858560,-1822.7900020235131
17899520,-2562.3454628022373
17940480,-2403.72361457106
17981440,-1783.5818212722472
18022400,-2870.4835094376617
18063360,-1940.730932104124
18104320,-2280.0152622101864
18145280,-2615.1027415330504
18186240,-2154.0384946108293
18227200,-2313.4481596091555
18268160,-2550.585417299419
18309120,-2454.394242058024
18350080,-2107.995290264556
18391040,-2459.4496112833717
18432000,-1638.5776829872304
18472960,-2970.2006283475307
18513920,-2442.1254182557
18554880,-1872.578139296322
18595840,-1992.1114554517987
18636800,-2429.865394785309
18677760,-1964.0457843173197
18718720,-2525.908754636276
18759680,-2275.9546341940563
18800640,-3003.853145042434
18841600,-2694.5756560478403
18882560,-1912.3892826183053
18923520,-2354.915661454966
18964480,-2144.292008853648
19005440,-1955.9045050423745
19046400,-1527.49747501479
19087360,-2132.3496385622716
19128320,-2887.077767023168
19169280,-2843.50991035324
19210240,-2181.9844199564973
19251200,-2109.5751839622553
19292160,-2503.107459318199
19333120,-2819.9787464590704
19374080,-1867.98137394612
19415040,-1696.9359169382271
19456000,-1847.4230553590778
19496960,-2900.3813568468486
19537920,-2467.624118339586
19578880,-1706.51368664457
19619840,-1553.954589061822
19660800,-2724.425013169893
19701760,-2237.3684833706952
19742720,-2723.2376486904036
19783680,-2047.47131223977
19824640,-1846.3542567521527
19865600,-2426.9560564103385
19906560,-2200.3298523564495
19947520,-2429.6726988572873
19988480,-2470.6023459838257
20029440,-2481.8434386304803
20070400,-2823.9201448332915
20111360,-2279.862600634157
20152320,-2147.9744799182504
20193280,-2036.4682364149369
20234240,-2305.5976459976987
20275200,-2327.048640389231
20316160,-1736.1721821780957
20357120,-1849.6009079630137
20398080,-2887.0934387650927
20439040,-2839.026991549505
20480000,-1936.6844043734982
20520960,-2750.5335462362596
20561920,-2501.6894467965444
20602880,-1997.7964041676141
20643840,-1743.3675131458995
20684800,-2577.2726803746787
20725760,-1669.0863245607932
20766720,-2044.1740886526384
20807680,-1913.6887920073343
20848640,-2512.541334838809
20889600,-2538.358713795718
20930560,-2410.8185732221514
20971520,-2606.6887054171148
21012480,-2320.5708878182127
21053440,-2195.7254932955125
21094400,-1814.1836977908513
21135360,-2630.3167315797273
21176320,-1826.8171715201076
21217280,-2162.833543690581
21258240,-2182.651457458138
21299200,-2453.440742795879
21340160,-2354.924216749397
21381120,-1772.4374346140146
21422080,-2157.6366307844614
21463040,-2214.3917198000718
21504000,-2421.7779117322707
21544960,-2084.999305234146
21585920,-2176.1194782303833
21626880,-3003.6455132543992
21667840,-2479.206600104059
21708800,-1889.4488348356153
21749760,-2261.3785058141425
21790720,-2190.2960023969954
21831680,-2484.622450391587
21872640,-2630.25065929756
21913600,-2326.5707958334747
21954560,-1577.1397731697662
21995520,-2486.0157533468796
22036480,-2242.3219083256076
22077440,-2569.573156394258
22118400,-2446.130427323677
22159360,-2772.212449222045
22200320,-2120.637172980561
22241280,-2218.8634243096867
22282240,-2322.3985300031904
22323200,-2764.8312277019813
22364160,-1549.1799275558208
22405120,-1598.7422280396124
22446080,-2399.463451321723
22487040,-2334.8336655804137
22528000,-2095.5427903763502
22568960,-2023.4800402273934
22609920,-1888.0415201335745
22650880,-2239.6767858251396
22691840,-2352.4543806668344
22732800,-2264.4434658316472
22773760,-2858.1971169595486
22814720,-2689.483858815542
22855680,-2057.0764538602925
22896640,-2205.4792253791625
22937600,-2493.3582704347937
22978560,-1915.689030993202
23019520,-2013.3655057069693
23060480,-1846.6329014957362
23101440,-2712.879192835277
23142400,-1643.9796146798078
23183360,-1595.899280378575
23224320,-2082.1203069659373
23265280,-2660.2260228958853
23306240,-2174.8105021495844
23347200,-2048.028082914024
23388160,-2609.1287817946168
23429120,-2327.972326948
23470080,-1805.2251407664037
23511040,-1631.0921773189896
23552000,-2471.5971896337264
23592960,-2063.267591855823
23633920,-3148.0832265961767
23674880,-2661.743373662787
23715840,-2145.2127393588257
23756800,-1652.320369056206
23797760,-2217.3658888860396
23838720,-2285.0239520971577
23879680,-2337.503653007078
23920640,-2283.2505454608945
23961600,-2373.4003077561547
24002560,-1946.1653951047629
24043520,-2409.6974337921442
24084480,-1973.0026444142584
24125440,-1656.6725759091278
24166400,-2198.971369045965
24207360,-2665.2278787903806
24248320,-2542.142796522322
24289280,-2244.750151882579
24330240,-2364.9280525758973
24371200,-1888.7334092104863
24412160,-1908.1722450223835
24453120,-2078.1939045668814
24494080,-1631.7853274435554
24535040,-2784.64601977273
24576000,-2609.2552974245646
24616960,-2574.3641514765504
24657920,-1783.5037740568896
24698880,-1729.9814814375932
24739840,-2220.7269284530216
24780800,-2253.051885457446
24821760,-1539.7877367108306
24862720,-1900.0301442331838
24903680,-2447.886671173395
24944640,-2217.7005539345278
24985600,-2596.7245484363566
